9787542611772
9787020089017
9787559614636
9789869236478
9787531304012
9787542609946
9787549223220
9787549220632
9787549216468
9787549204304
9787807089353
9787549237814
9787100102797
9787547511480
9787508671574
9780141972855
9789626758038
9787549302239
9787103003558
9787805533759
9787100102773
9787100103596
9787100102780
9787100103589
9787800143687
9787111606420
9787121354854
7506089823, 9787506089821
7501746346, 9787501746347
7520710734, 9787520710732
NIL
9787309063783
NIL
9787508648590
9787508648590
9787100099707
9787508029030
9787562482765
9787100102544
9787801496546
9787534373169
9787514908190
9787224096033
9787208103702
9787108028938
NIL
NIL
9787301132197
9787534831690
9787550242234
9787516141809
9787300075648
9787559617293
9787307069398
9787300182575
9787508096025, 0691115737
9787100085038
9787518412600
9787540254438
9787553674599
9787559809940
9787513308144
7513318220, 9787513318228
7508671279, 9787508671277
NIL
9787532482405
7801494059, 9787801494054
7508615158, 9787508615158
9570823771, 9789570823776
7806166009, 9787806166000
720804306X, 9787208043060
730911227X, 9787309112276
7801058313, 9787801058317
9787303157006
9787010083919
9787562181897
9787300073736
9787305111785
9787305103926
9787305111778
9787305106347
9787305103117
7547803652, 9787547803653
7117048107, 9787117048101
7117076402, 9787117076401
7533771281, 9787533771287
753377129X, 9787533771294
9787533771317
7533761480, 9787533761486
7533761464, 9787533761462
7500442602, 9787500442608
7521709608, 9787521709605
7550238472, 9787550238473
7117038233, 9787117038232
7900183809, 9787900183804
7302384428, 9787302384427
7030645316, 9787030645319
7040507250, 9787040507256
7114097549, 9787114097546
7214028239, 9787214028235
780083851X, 9787800838514
9787565012587
7300154875, 9787300154879
7208041172, 9787208041172
7010124035, 9787010124032
7542600338, 9787542600332
7208018693, 9787208018693
7807671459, 9787807671459
7208097097, 9787208097094
7213063499, 9787213063497
7508693248, 9787508693248
7508698479, 9787508698472
7510801230, 9787510801235
7504472530, 9787504472533
7204098765, 9787204098767
7229046092, 9787229046095
7204098773, 9787204098774
7802250323, 9787802250321
7545801202, 9787545801200
7539957158, 9787539957159
7562260982, 9787562260981
7508698479, 9787508698472
7208086923, 9787208086920
7208124612, 9787208124615
9787559604781
7500435460, 9787500435464
7500435452, 9787500435457
7500435533, 9787500435532
755960417X, 9787559604170
7220109474, 9787220109478
7533255232, 9787533255237
7550268134, 9787550268135
7513315558, 9787513315555
7544247163, 9787544247160
7532769607, 9787532769605
7539114827, 9787539114828
7544247171, 9787544247177
754424718X, 9787544247184
7121287455, 9787121287459
7121302888, 9787121302886
712134615X, 9787121346156
712128328X, 9787121283284
7121132664, 9787121132667
7559617255, 9787559617255
712129964X, 9787121299643
7121300257, 9787121300257
7121250373, 9787121250378
7121328690, 9787121328695
7121250381, 9787121250385
712130192X, 9787121301926
7121300710, 9787121300714
7121215497, 9787121215490
7121215500, 9787121215506
7807001534, 9787807001539
7100023955, 9787100023955
7121282410, 9787121282416
7121250365, 9787121250361
7532123464, 9787532123469
7101023134, 9787101023138
7802065224, 9787802065222
720308731X, 9787203087311
7214133873, 9787214133878
7801491165, 9787801491169
753212410X, 9787532124107
7520126137, 9787520126137
7520126137, 9787520126137
7520126137, 9787520126137
7513038554, 9787513038553
7121232529, 9787121232527
7121242249, 9787121242243
7534953677, 9787534953675
7539766883, 9787539766881
750596156X, 9787505961562
7805014787, 9787805014784
7805014655, 9787805014654
7805014663, 9787805014661
7805014795, 9787805014791
7805014671, 9787805014678
7805014779, 9787805014777
7805014760, 9787805014760
7505714996, 9787505714991
7805016151, 9787805016153
7121272385, 9787121272387
7108051680, 9787108051684
7121247798, 9787121247798
7530469754, 9787530469750
7563725091, 9787563725090
7558301513, 9787558301513
710804840X, 9787108048400
7537935440, 9787537935449
7505713191, 9787505713192
7560047149, 9787560047140
7551420878, 9787551420877
7516190942, 9787516190944
7040122448, 9787040122442
7310019830, 9787310019830
7510087538, 9787510087530
7509772699, 9787509772690
7100068851, 9787100068857
7537930392, 9787537930390
7505721011, 9787505721012
7511319947, 9787511319944
7115351686, 9787115351685
7535778267, 9787535778260
7535778275, 9787535778277
7535778291, 9787535778291
7535778259, 9787535778253
7535778283, 9787535778284
7532738086, 9787532738083
7532768643, 9787532768646
7300149499, 9787300149493
7532744655, 9787532744657
7532735435, 9787532735433
710015572X, 9787100155724
7301061005, 9787301061008
7810836072, 9787810836074
7532736822, 9787532736829
7309023307, 9787309023305
7508016505, 9787508016504
7111501799, 9787111501794
7301060998, 9787301060995
7300077900, 9787300077901
7810832328, 9787810832328
7208120900, 9787208120907
7208110751, 9787208110755
7208100357, 9787208100350
7208086133, 9787208086135
7208074941, 9787208074941
7208063893, 9787208063891
7208057753, 9787208057753
7208051682, 9787208051683
7208045852, 9787208045859
7208041199, 9787208041196
7303191763, 9787303191765
7303191763, 9787303191765
7300139841, 9787300139845
7100165709, 9787100165709
7310040287, 9787310040285
7511876706, 9787511876706
7030477235, 9787030477231
7510431980, 9787510431982
7307175266, 9787307175266
7511733697, 9787511733696
7305144681, 9787305144684
7807520353, 9787807520351
7308139565, 9787308139564
7533474945, 9787533474942
7801098293, 9787801098290
753215761X, 9787532157617
7513005605, 9787513005609
7562484449, 9787562484448
7552017406, 9787552017403
7101025269, 9787101025262
7101057950, 9787101057959
7309055918, 9787309055917
7544727017, 9787544727013
7300220878, 9787300220871
7548602081, 9787548602088
7100128900, 9787100128902
7500689292, 9787500689294
7208091218, 9787208091214
7100071976, 9787100071970
7508696506, 9787508696508
7508683005, 9787508683003
710009562X, 9787100095624
7100128897, 9787100128896
7101055125, 9787101055122
7539766883, 9787539766881
7208051488, 9787208051485
7208043205, 9787208043206
7208034567, 9787208034563
7305041769, 9787305041761
7108018500, 9787108018502
7208111537, 9787208111530
7208043213, 9787208043213
7806165436, 9787806165430
7511701396, 9787511701398
7509716276, 9787509716274
7214046199, 9787214046192
7510090520, 9787510090523
7510061733, 9787510061738
7550270201, 9787550270206
730106098X, 9787301060988
7550211833, 9787550211834
7106042986, 9787106042981
7510045002, 9787510045004
7521201949, 9787521201949
7506394375, 9787506394376
7542852310, 9787542852311
7532756637, 9787532756636
7115275866, 9787115275868
7532756319, 9787532756315
7532753093, 9787532753093
7101094678, 9787101094671
7549413142, 9787549413140
7101094678, 9787101094671
7208128529, 9787208128521
7305175293, 9787305175299
7544717771, 9787544717779
7208060754, 9787208060753
7020120008, 9787020120000
7100127084, 9787100127080
7100077621, 9787100077620
7532753468, 9787532753468
7214102935, 9787214102935
7214102951, 9787214102959
7214092344, 9787214092342
7214092360, 9787214092366
7214092336, 9787214092335
7214102943, 9787214102942
7214092352, 9787214092359
7214092328, 9787214092328
7532764966, 9787532764969
7100092116, 9787100092111
7563332073, 9787563332076
7300063381, 9787300063386
7305176109, 9787305176104
7208107033, 9787208107038
7208107033, 9787208107038
7100046726, 9787100046725
7564914106, 9787564914103
7305037818, 9787305037818
7564908726, 9787564908720
7564903511, 9787564903510
7511730418, 9787511730411
7208054029, 9787208054028
730507716X, 9787305077166
7305044385, 9787305044380
7305055751, 9787305055751
7100095522, 9787100095525
7567553139, 9787567553132
7020121772, 9787020121779
7549412367, 9787549412365
7550306737, 9787550306738
7020119980, 9787020119981
7020108415, 9787020108411
7020135889, 9787020135882
7536681496, 9787536681491
7111186826, 9787111186823
750849234X, 9787508492346
7508492285, 9787508492285
7115447632, 9787115447630
NIL
7115320926, 9787115320926
7111521188, 9787111521181
7115454159, 9787115454157
1449340377, 9781449340377
7115480346, 9787115480347
7115482624, 9787115482624
7115264724, 9787115264725
711537399X, 9787115373991
7505320424, 9787505320420
7115365385, 9787115365385
7040178486, 9787040178487
711143787X, 9787111437871
7111618335, 9787111618331
7115213968, 9787115213969
7121022982, 9787121022982
7111250478, 9787111250470
7121332310, 9787121332319
NIL
7115427860, 9787115427861
7111347447, 9787111347446
7811360527, 9787811360523
7121246848, 9787121246845
7121316986, 9787121316982
7121022982, 9787121022982
7115310084, 9787115310088
7111141229, 9787111141228
711533174X, 9787115331748
711155258X, 9787111552581
7560977006, 9787560977003
7115386064, 9787115386069
7111202147, 9787111202141
7115297657, 9787115297655
7115230285, 9787115230287
711522840X, 9787115228406
7111453786, 9787111453789
7121119323, 9787121119323
7115385734, 9787115385734
7115275793, 9787115275790
7115139210, 9787115139214
7111376617, 9787111376613
7115338019, 9787115338013
7115338019, 9787115338013
711543283X, 9787115432834
7111529324, 9787111529323
7030441680, 9787030441683
7115338019, 9787115338013
7115367183, 9787115367181
7111617770, 9787111617778
7111453832, 9787111453833
7111453832, 9787111453833
7121173824, 9787121173820
7111544935, 9787111544937
7800116271, 9787800116278
7115363390, 9787115363398
7111573315, 9787111573319
711154742X, 9787111547426
7111213823, 9787111213826
1600330002, 9781600330001
7111255836, 9787111255833
7121066467, 9787121066467
7121081148, 9787121081149
7121081148, 9787121081149
7308027031, 9787308027038
7111347447, 9787111347446
7508353943, 9787508353944
7115226261, 9787115226266
7121026481, 9787121026485
712103381X, 9787121033810
7115352119, 9787115352118
7111338294, 9787111338291
7115328676, 9787115328670
7111338294, 9787111338291
7115216878, 9787115216878
7302345929, 9787302345923
7111170164, 9787111170167
7121097710, 9787121097713
7111576586, 9787111576587
7111367294, 9787111367291
NIL
7115335591, 9787115335593
7115224013, 9787115224019
7121084422, 9787121084423
7111544935, 9787111544937
7115287961, 9787115287960
7100013232, 9787100013239
NIL
7115240574, 9787115240576
7508315545, 9787508315546
711148343X, 9787111483434
7115467765, 9787115467768
7115156174, 9787115156174
711533563X, 9787115335630
7115330247, 9787115330246
7302080720, 9787302080725
7111141113, 9787111141112
7115373558, 9787115373557
7121148757, 9787121148750
7115349002, 9787115349002
711517928X, 9787115179289
7111407016, 9787111407010
7118028126, 9787118028126
7118027073, 9787118027075
7118027995, 9787118027990
7115447705, 9787115447708
7544268500, 9787544268509
7508644697, 9787508644691
7508638115, 9787508638119
7563364153, 9787563364152
7533946561, 9787533946562
7544740439, 9787544740432
7544740439, 9787544740432
7544740439, 9787544740432
7539065036, 9787539065038
7213067796, 9787213067792
7213067826, 9787213067822
7213067915, 9787213067914
7532736709, 9787532736706
7532736199, 9787532736195
7532733661, 9787532733668
7532738043, 9787532738045
753273367X, 9787532733675
7532735141, 9787532735143
7532748111, 9787532748112
7532733696, 9787532733699
7532733688, 9787532733682
753276074X, 9787532760749
7532738051, 9787532738052
7532751449, 9787532751440
7532733653, 9787532733651
7532761371, 9787532761371
751172809X, 9787511728098
7511728065, 9787511728067
7511732801, 9787511732804
756249858X, 9787562498582
7511718833, 9787511718839
7300133010, 9787300133010
7206052991, 9787206052996
9577323367, 9789577323361
7301084870, 9787301084878
7301084803, 9787301084809
7301084757, 9787301084755
7301084811, 9787301084816
7532761371, 9787532761371
7533467426, 9787533467425
7300069517, 9787300069517
7301084773, 9787301084779
7511720889, 9787511720887
7300133010, 9787300133010
7540761733, 9787540761738
7511719740, 9787511719744
7511733964, 9787511733962
7539743514, 9787539743516
7511719848, 9787511719843
7567572877, 9787567572874
7800735559, 9787800735554
7506025787, 9787506025782
7511736092, 9787511736093
7562484333, 9787562484332
7111176170, 9787111176176
7111161211, 9787111161219
711113026X, 9787111130260
7111075757, 9787111075752
7111108272, 9787111108276
7111163788, 9787111163787
7111122127, 9787111122128
7111164229, 9787111164227
7111133900, 9787111133902
7111154711, 9787111154716
7111157184, 9787111157182
7111159721, 9787111159728
7111157761, 9787111157762
7111142624, 9787111142621
7111146743, 9787111146742
7111251210, 9787111251217
7111109937, 9787111109938
7111121481, 9787111121480
7111124782, 9787111124788
7111164296, 9787111164296
711114824X, 9787111148241
7111108078, 9787111108078
7111149858, 9787111149859
7111130057, 9787111130055
7111139879, 9787111139874
7111155440, 9787111155447
7111179633, 9787111179634
7111167902, 9787111167907
7111127595, 9787111127598
7111167880, 9787111167884
7111115775, 9787111115779
7111153960, 9787111153962
7111134133, 9787111134138
7111145178, 9787111145172
7111131533, 9787111131533
7111164741, 9787111164746
711110952X, 9787111109525
7111095871, 9787111095873
7111165136, 9787111165132
7111162609, 9787111162605
7111135105, 9787111135104
7111139623, 9787111139621
7111171152, 9787111171157
7111158792, 9787111158790
7111127595, 9787111127598
7111122194, 9787111122197
7111215435, 9787111215431
7111256689, 9787111256687
7111217225, 9787111217220
7111407016, 9787111407010
7111177762, 9787111177760
7111288084, 9787111288084
7111617991, 9787111617990
7111255062, 9787111255062
7111210182, 9787111210184
7121232723, 9787121232725
7302448884, 9787302448884
7111391403, 9787111391401
7111479505, 9787111479505
7111385993, 9787111385998
7111302877, 9787111302872
7111282507, 9787111282501
7111407024, 9787111407027
7111214048, 9787111214045
7111220404, 9787111220404
7111224388, 9787111224389
7560636411, 9787560636412
7111213548, 9787111213543
7111240359, 9787111240358
7115148910, 9787115148919
7111237897, 9787111237891
7302324379, 9787302324379
7111453824, 9787111453826
7111377877, 9787111377870
7111265289, 9787111265283
7111277856, 9787111277859
7111241029, 9787111241027
7111475445, 9787111475446
7111400887, 9787111400882
7111228642, 9787111228646
7111215567, 9787111215561
7111275713, 9787111275718
7111192966, 9787111192961
7111187369, 9787111187363
7111410653, 9787111410652
7111428269, 9787111428268
7302089795, 9787302089797
7111453794, 9787111453796
7111363868, 9787111363866
7111270754, 9787111270751
7111359666, 9787111359661
711122356X, 9787111223566
7111288106, 9787111288107
7508453948, 9787508453941
7111179625, 9787111179627
7111375297, 9787111375296
7111182057, 9787111182054
9787111365532
7111471660, 9787111471660
7111407008, 9787111407003
7121063352, 9787121063350
7111308883, 9787111308881
711122504X, 9787111225041
7111426045, 9787111426042
7111276779, 9787111276777
7111480813, 9787111480815
7111253825, 9787111253822
7111453816, 9787111453819
7111226348, 9787111226345
7111445333, 9787111445333
7111392841, 9787111392842
7111438655, 9787111438656
7111573560, 9787111573562
7111328787, 9787111328780
7111384555, 9787111384557
7111293983, 9787111293989
7111453786, 9787111453789
7111184270, 9787111184270
7111309642, 9787111309642
711141585X, 9787111415855
7111239512, 9787111239512
7111284143, 9787111284147
7111367278, 9787111367277
7111190483, 9787111190486
711120459X, 9787111204596
7111283457, 9787111283454
7111288262, 9787111288268
7111213335, 9787111213338
7111363868, 9787111363866
7111466527, 9787111466529
7111484576, 9787111484578
7111164415, 9787111164418
7111160533, 9787111160533
7111379047, 9787111379041
7111418581, 9787111418580
7111268318, 9787111268314
7111490185, 9787111490180
7111255437, 9787111255437
7111191943, 9787111191940
7111192036, 9787111192039
7111275713, 9787111275718
7111304853, 9787111304852
7111459075, 9787111459071
7544725979, 9787544725972
7502395075, 9787502395070
7544700240, 9787544700245
7544716767, 9787544716765
7544739996, 9787544739993
7544731766, 9787544731768
7544768333, 9787544768337
7544713946, 9787544713948
7544733955, 9787544733953
7806571914, 9787806571910
7544715825, 9787544715829
7544707555, 9787544707558
7806575669, 9787806575666
7544715779, 9787544715775
7806576533, 9787806576533
711810079X, 9787118100792
7544712087, 9787544712088
7544711471, 9787544711470
7544708179, 9787544708173
7544702472, 9787544702478
7544702790, 9787544702799
7544714322, 9787544714327
7544742261, 9787544742269
7544733955, 9787544733953
7544702170, 9787544702171
7544715833, 9787544715836
7544715760, 9787544715768
7544715809, 9787544715805
7544741788, 9787544741781
7100088399, 9787100088398
710011490X, 9787100114905
7100114888, 9787100114882
7100088313, 9787100088312
7100146658, 9787100146654
7100120322, 9787100120326
7100155738, 9787100155731
7100104971, 9787100104975
7100088283, 9787100088282
7100121086, 9787100121088
7100114896, 9787100114899
7516124516, 9787516124512
7100088291, 9787100088299
710011232X, 9787100112321
7100114772, 9787100114776
7100085969, 9787100085960
7100159741, 9787100159746
7100085926, 9787100085922
7100085950, 9787100085953
7100117046, 9787100117043
7100146674, 9787100146678
7100107385, 9787100107389
7100104947, 9787100104944
7100112990, 9787100112994
7100102502, 9787100102506
7100107180, 9787100107181
7100114764, 9787100114769
7509713420, 9787509713426
7801907809, 9787801907806
7801494288, 9787801494283
7509700612, 9787509700617
7801498577, 9787801498571
7509707625, 9787509707623
7802300304, 9787802300309
7509710529, 9787509710524
7801901584, 9787801901583
7802306345, 9787802306349
7801499697, 9787801499691
7509705738, 9787509705735
7801498534, 9787801498533
7801900804, 9787801900807
7801495624, 9787801495624
7801903048, 9787801903044
7801497724, 9787801497727
7801908368, 9787801908360
7801908236, 9787801908230
7801902947, 9787801902948
7108017938, 9787108017932
7108031493, 9787108031495
7108041499, 9787108041494
7108057255, 9787108057259
7108016389, 9787108016386
7108022524, 9787108022523
7108021625, 9787108021625
7108041480, 9787108041487
7108016389, 9787108016386
7108021927, 9787108021922
7108023253, 9787108023254
7108016389, 9787108016386
7108040328, 9787108040329
7208075700, 9787208075702
7208088047, 9787208088047
7208060800, 9787208060807
7532746674, 9787532746675
7208059713, 9787208059719
7208067546, 9787208067547
7208111308, 9787208111301
7208067252, 9787208067257
7208062544, 9787208062542
7208060819, 9787208060814
7208054657, 9787208054653
7532740587, 9787532740581
7208054029, 9787208054028
7208071454, 9787208071452
7208083061, 9787208083066
7208078130, 9787208078130
720809795X, 9787208097957
7208086761, 9787208086760
7532740544, 9787532740543
7111526538, 9787111526537
7111509277, 9787111509271
7532758028, 9787532758029
7208109303, 9787208109308
7208054746, 9787208054745
7208057389, 9787208057388
7208049815, 9787208049819
7208133581, 9787208133587
7208133581, 9787208133587
7208055769, 9787208055766
7208067767, 9787208067769
720807786X, 9787208077867
7543225328, 9787543225329
7208067767, 9787208067769
7532740374, 9787532740376
720809201X, 9787208092013
7208074968, 9787208074965
7208107823, 9787208107823
7208056854, 9787208056855
7532734951, 9787532734955
753274227X, 9787532742271
7208079536, 9787208079533
7208068895, 9787208068896
7208068909, 9787208068902
710802098X, 9787108020987
7801906942, 9787801906946
7532741915, 9787532741915
750970586X, 9787509705865
710801954X, 9787108019547
7802303648, 9787802303645
7801903056, 9787801903051
7801909445, 9787801909442
7802302757, 9787802302754
7020143865, 9787020143863
7805679916, 9787805679914
7507413691, 9787507413694
7509705908, 9787509705902
7801094247, 9787801094247
780230993X, 9787802309937
7802303354, 9787802303355
7100018870, 9787100018876
7542628895, 9787542628893
7208057524, 9787208057524
7802303656, 9787802303652
7509705916, 9787509705919
7802309603, 9787802309609
7802306388, 9787802306387
7301145535, 9787301145531
7802306329, 9787802306325
7802302765, 9787802302761
7509701996, 9787509701997
7509705894, 9787509705896
7532760464, 9787532760466
7305035386, 9787305035388
NIL
7802302609, 9787802302600
780230640X, 9787802306400
7509702844, 9787509702840
7305037389, 9787305037382
780230363X, 9787802303638
780230959X, 9787802309593
7542614959, 9787542614957
7300085334, 9787300085333
7111544935, 9787111544937
7111553527, 9787111553526
7111542789, 9787111542780
7111537408, 9787111537403
7111534514, 9787111534518
NIL
7207043945, 9787207043948
7111504828, 9787111504825
7501329478, 9787501329472
7532740706, 9787532740703
7532772799, 9787532772797
7532773159, 9787532773152
7532737780, 9787532737789
7532760278, 9787532760275
7532737063, 9787532737062
7501329443, 9787501329441
711151856X, 9787111518563
7532755665, 9787532755660
7532769836, 9787532769834
7532758591, 9787532758593
7111506367, 9787111506362
7550218552, 9787550218550
7532751872, 9787532751877
7532770168, 9787532770168
753276334X, 9787532763344
7501329435, 9787501329434
7532760367, 9787532760367
9787111406990
7532733904, 9787532733903
750132946X, 9787501329465
753275829X, 9787532758296
7532747212, 9787532747214
9787111540236
7532763617, 9787532763610
7501329451, 9787501329458
7532769895, 9787532769896
7532760855, 9787532760855
7532770516, 9787532770519
7532760707, 9787532760701
7100099161, 9787100099165
7100099145, 9787100099141
710009335X, 9787100093354
7100109515, 9787100109512
7100112303, 9787100112307
7100073960, 9787100073967
7100096286, 9787100096287
7100099153, 9787100099158
7100092671, 9787100092678
7100091500, 9787100091503
7100109582, 9787100109581
7100099250, 9787100099257
7100092795, 9787100092791
7100090113, 9787100090117
7100018269, 9787100018265
7100018277, 9787100018272
7100016576, 9787100016575
7100016150, 9787100016155
7100014964, 9787100014960
710001610X, 9787100016100
710001395X, 9787100013956
7100013151, 9787100013154
7100018285, 9787100018289
7508689844, 9787508689845
7521706633, 9787521706635
7508669304, 9787508669304
7508668200, 9787508668208
7508694368, 9787508694368
750867118X, 9787508671185
7508696867, 9787508696867
7532742199, 9787532742196
7532773957, 9787532773954
7532738981, 9787532738984
7532749142, 9787532749140
7532741540, 9787532741540
7532749142, 9787532749140
7532737632, 9787532737635
753277001X, 9787532770014
7532753298, 9787532753291
7532771660, 9787532771660
753276897X, 9787532768974
7532757986, 9787532757985
7532769542, 9787532769544
7532760235, 9787532760237
7532770362, 9787532770366
7532735192, 9787532735198
7532760375, 9787532760374
7532737799, 9787532737796
7532763439, 9787532763436
7532763528, 9787532763528
7532767140, 9787532767144
7532765059, 9787532765058
7532736792, 9787532736799
7532762173, 9787532762170
7532765628, 9787532765621
7532768309, 9787532768301
7532760383, 9787532760381
7532739090, 9787532739097
7532758842, 9787532758845
7532758869, 9787532758869
7532763382, 9787532763382
7532766837, 9787532766833
7532736784, 9787532736782
7532762270, 9787532762279
7532758850, 9787532758852
7532739112, 9787532739110
753273806X, 9787532738069
7532736806, 9787532736805
7100094283, 9787100094283
7100094313, 9787100094313
7100116546, 9787100116541
7100094291, 9787100094290
710011652X, 9787100116527
710009741X, 9787100097413
7100149983, 9787100149983
7100100151, 9787100100151
7100094313, 9787100094313
7100094275, 9787100094276
7100094321, 9787100094320
7100092787, 9787100092784
7535650694, 9787535650696
7807034874, 9787807034872
7532570878, 9787532570874
7532570967, 9787532570966
7532570894, 9787532570898
7531671522, 9787531671527
7531671123, 9787531671121
7532570916, 9787532570911
7531661667, 9787531661665
7532570886, 9787532570881
753257086X, 9787532570867
7532570940, 9787532570942
7531666103, 9787531666103
7531661780, 9787531661788
7532570908, 9787532570904
7531664909, 9787531664901
7531666103, 9787531666103
7532570932, 9787532570935
7532570851, 9787532570850
7531668440, 9787531668442
7532570924, 9787532570928
9787121155352
7121125706, 9787121125706
7111102029, 9787111102021
7111267427, 9787111267423
7560924182, 9787560924182
7115279462, 9787115279460
7508318196, 9787508318196
7310049209, 9787310049202
7020090575, 9787020090570
7020090656, 9787020090655
7020090567, 9787020090563
7020090648, 9787020090648
NIL
7020090621, 9787020090624
702009063X, 9787020090631
NIL
7115263744, 9787115263742
7020090583, 9787020090587
7020090613, 9787020090617
7020090605, 9787020090600
780254078X, 9787802540781
780254078X, 9787802540781
780254078X, 9787802540781
7511716431, 9787511716439
7511716431, 9787511716439
7511716431, 9787511716439
780254078X, 9787802540781
780254078X, 9787802540781
780254078X, 9787802540781
7511716431, 9787511716439
780254078X, 9787802540781
780254078X, 9787802540781
7511716431, 9787511716439
7511716431, 9787511716439
7511716431, 9787511716439
780254078X, 9787802540781
7511716431, 9787511716439
7511716431, 9787511716439
7511716431, 9787511716439
7511716431, 9787511716439
7511716431, 9787511716439
780254078X, 9787802540781
780254078X, 9787802540781
7511716431, 9787511716439
780254078X, 9787802540781
7511716431, 9787511716439
7511716431, 9787511716439
780254078X, 9787802540781
780254078X, 9787802540781
753074254X, 9787530742549
7806942475, 9787806942475
780254078X, 9787802540781
7020090591, 9787020090594
7020090664, 9787020090662
7311042046, 9787311042042
7311041074, 9787311041076
7311034493, 9787311034498
7311042712, 9787311042714
7311044480, 9787311044480
731104281X, 9787311042813
7020090664, 9787020090662
731104197X, 9787311041977
7311044618, 9787311044619
7311044618, 9787311044619
731104197X, 9787311041977
731104295X, 9787311042950
731104426X, 9787311044268
7536706758, 9787536706750
7536715145, 9787536715141
7536718845, 9787536718845
7536718993, 9787536718999
7536718993, 9787536718999
9787532572557
9787533036546
9787311036577
9787020102358
9787213007514
9787311035235
9787311039738
7101090443, 9787101090444
9787311040840
9787311035242
9787303121649
9787311040567
9787300113388
9787101059236
9787509722213
9787303121687
9787300125107
9787311035266
9787303121687
9787101078848
9787533036492
7101090443, 9787101090444
9787020073863
9787509756829
9787101063790
9787508055749
9787300091532
9787210048350
9787546309521
9787108035851
9787532203215
9787301102725
9787542617736
9787543220492
9787300118345
9787542618658
9787508026145
9787301181294
9787101063790
9787562246428
9787300110929
9787210048350
9787224096323
9787301181294
9787300133157
9787108035851
9787309059601
9787301191347
9787542617736
9787542618658
9787543220492
9787508026145
9787508055749
9787301203637
9787546309521
9787532203215
9787300118345
9787564202415
9787300091532
9787301102725
9787108020536
9787301195918
9787300116464
9787301137284
9787213047756
9787208092259
9787300111667
9787508614755
9787224091588
9787224096316
9787300121239
9787300132235
9787300118253
[E001AAD3ACA2D72EB0041F8258E5AAE9](http://libgen.rs/book/index.php?md5=E001AAD3ACA2D72EB0041F8258E5AAE9) |

9787208092259
9787546334530
9787500650690
9787802515567
9787300134000
9787300133782
9787300131573
9787301145098
9787501346639
9787300056746
9787208100398
9787544712262
9787542637529
9787101089059
9787101090468
9787101085976
9787101085969
9787101089165
9787101090314
9787101088786
9787101090444
9787101090307
9787101089967
9787101090451
9787101090291
9787101090437
9787208098138
9787303161164
9787303115082
9787101089950
9787301239469
9787801169877
9787010096865
9787509721407
9787531664918
9787531655107
9787514704341
9787802519329
9787533036515
9787100098168
9787300189390
9787531664895
9787101090437
9787511707956
9787531668176
9787531670971
9787531668053
9787101088779
9787300134956
9787010132105
9787100072458
9787500469889
9787531667797
9787301185599
9787531668077
9787301185728
9789860364965
9787509756843
9787532571765
9787531667896
9787546143224
9787101090475
9787516139295
9787511720832
9787010131795
9787514702668
9787208098138
9787531660309
9787531660699
9787500495406
9787101099782
9787531668091
9787531668107
9787300188362
9787303126699
9787531662686
9787531664925
9787531668084
9787531658870
9787533036522
9787531664932
9787303127290
9787301239865
9787531668145
9787301240267
9787301185629
9787300188324
9787509755952
9787303161164
9787531668121
9787561533727
9787543218789
9787506030359
9787300119977
9787561533987
9787300140032
9787511710604
9787561533727
9787561533932
9787306029584
9787532751877
9787800536021
9787535749673
9787511809261
9787561533994
9787300117454
9787502701550
9787301114919
9787536057937
9787222057302
9787300103341
9787300120218
9787300075310
9787010083834
9787300012506
9787300134512
9787301140833
9787807132790
9787115246882
9787300044705
9787806604700
9787100032216
9787010109930
9787214168351
9787542615442
9787500425618
9787500427346
9787501520275
9787541984006
9787215005884
9787208115651
9787730103263
9787546367026
9787208121560
9787214025647
9787516142950
9787530211625
9787311035280
9789575472337
9787532544417
9787561145975
9787311040383
9789575472993
9787111263272
9787546142722
9787546142968
9787311039387
9785550110492
9787300120737
9787532539055
9789570810387
9787501316298
9787501316229
9787532548378
9787811405651
9787501316694
9787539900148
9787501315987
9787501316113
9787501315031
9787501316533
9787501310357
9787501316564
NIL
9787501317547
9787501316472
9787501314973
9787501315796
9787501316274
9787501316250
9787501317431
9787501316304
9787501316359
9787501316489
9787501316267
9787501316106
9787501316281
9787501315246
9787805341842
9787534355394
9787020024612
9787533453473
9787538250718
9787533924034
9787544210737
9787542612847
9787532739530
9787207004024
9787532742790
9787562044857
9787213074752
9787509340202
9787111340737
9787800739002
9787562053217
9787562062639
9787501187843
9787801708250
9787567558182
9787509379455
9787567520097
9787300124544
9787500465409
9787544737043
9787511823373
9781506353069
9787302146384
9787800839184
9787300105765
9787305145070
9787503661570
9787562015048
9787301172896
9787513311243
9787301216132
9787302293354
9787513319331
9787533916367
9787533917357
9787533916961
9787533916749
9787533916770
9787533923235
9787533916688
9787533930257
9787533928735
9787533919399
9787533914974
9787533915407
9787533928759
9787533916954
9787533930219
9787533915360
9787533929527
9787533928766
9787533917036
9787533929671
9787533930271
9787533915001
9787533919412
9787533919405
9787533914967
9787533930288
9787533914813
9787533929503
9787533929541
9787533915124
9787533914684
9787533919375
9787533929534
9787533914851
9787533914066
9787532766383
9787532773077
9787511802057
9787511827234
9787810740197
9787532767601
9787531820345
9787532768967
9787532762934
9787532773060
9787532768295
9787532770670
9787503687877
9787539440217
9787562001294
9787532771257
9787532762880
9787508054544
9787539805733
9787544142755
9787532768394
9787531027546
9787532762910
9787562027331
9787532762927
9787533914950
9787801821386
9789900004486
9787532767618
9787536659025
9787532770687
9787532772520
9787541040511
9787100073943
9787532762897
9787532773084
9787503645471
9787532762903
9787532770663
9787532773091
9787547400432
9787532768196
9787532770687
9787532768035
9787805261492
9787544310031
9787532773053
9787301081655
9787532768189
9787532767625
9787532771219
9787101017304
9787101051582
[2FD6674D58315DF725408A8185F75B67](http://libgen.rs/book/index.php?md5=2FD6674D58315DF725408A8185F75B67) |

9787101016550
9787101017236
9787101001457
9787538247886
9787101017526
9787507714692
9787101017243
9787101017229
9787101003642
9787101017212
9787101000146
9787101017267
9787101048377
9787101017557
9787101017250
9787101017281
9787503902093
9787503902277
9787533300487
9787503901997
9787503902079
9787533301651
9787533312695
9787533300494
9787533301736
9787533312688
9787533300739
9787533300296
9787503902086
9787533312701
9787533312671
9787503902055
9787503902062
9787532824922
9787532830954
9787532836925
9787532822294
9787532859979
9787511835185
9787532802616
9787532810666
9787532841622
9787532826933
9787532826339
9787532816101
9787121051784
9787509001271
9787307031852
9787110039809
9787121051791
9787544301459
9787501503155
9787307031852
9787531531357
9787538246841
9787810318754
9787560422596
9787535751577
9787501935536
9787509001271
9787121051784
9787508019208
9787305026676
9787560081731
9787564002442
9787309028706
9787040079425
9787805041193
9787535741547
9787810914147
9787301095621
9787806573860
9787806571750
9787500803621
9787805679723
9787805679211
9787806572146
9787806577196
9787805679839
9787805678986
9787806577158
9787806570258
9787806570067
9787806571446
9787806570500
9787806574591
9787805679907
9787544705479
9787806576007
9787805677774
9787544736435
9787806574843
9787806575307
9787806570333
9787806570142
9787805678788
9787806574713
9787806570463
9787805677644
9787806573228
9787805678399
9787532741571
9787805677132
9787805679013
9787806575260
9787805678450
9787805678610
9787805678764
9787806570104
9787806572047
9787805677019
9787805678252
9787806573952
9787805679471
9787805678528
9787806570210
9787806570616
9787805676159
9787805678795
9787806571484
9787531301363
9787805679969
9787805679679
9787531301363
9787806575499
9787531301363
9787805679822
9787805677804
9787805678627
9787805676302
9787806570449
9787805677347
9787805678856
9787806576441
9787806570906
9787806573136
9787805676159
9787805678870
9787806571095
9787805678092
9787805677637
9787805678023
9787806570944
9787806570883
9787806571767
9787806570890
9787806577202
9787806571316
9787806571019
9787806572061
9787806572986
9787806573891
9787532743872
9787806575819
9787544700337
9787806571248
9787806574300
9787805676975
9787806575437
9787805676678
9787805679334
9787805679686
9787806573006
9787806573914
9787805679495
9787806572917
9787806573211
9787806571026
9787806575819
9787806571941
9787805679518
9787805678757
9787806572481
9787806573846
9787544706292
9787532750818
9787532745678
9787533900946
9787501418909
9787532707218
9787532749362
9787533903220
9787200008456
9787209050845
9787209041065
9787800739255
9787108025807
9787563362516
9787500697343
9787547400531
9787115188120
9787806457078
9787513314596
9787509312988
9787500051442
9787301145937
9787313126122
9787503683633
9787108002037
9787562021445
9787562016731
9787800837937
9787300147871
9787562015048
9787302059073
9787100037297
9787500056317
9787562022190
9787562021438
9787562017677
9787535715814
9787535732736
9787535718563
9787535718556
9787535739711
9787535722829
9787535715821
9787535737229
9787511330963
9787535710673
9787535736895
9787535718570
9787535726957
9787535718556
9787544329910
9787535722812
9787535715807
9787535737212
9787535736871
9787535737236
9787535732705
9787020061341
9787020071623
9787020039722
9787020071524
9787020071203
9787020044207
9787020038961
9787020033997
9787020062577
9787020040155
9787020006052
9787020038916
9787020040872
9787020052417
9787020070954
9787020044924
9787020038909
9787020053810
9787020038893
9787020070985
9787020054077
9787020046089
9787020061372
9787020071388
9787020071395
9787020071081
9787020052523
9787020039074
9787020043774
9787020043255
9787020042913
9787020071197
9787020040896
9787020071005
9787020053902
9787020053032
9787020042920
9787020062607
9787020053902
9787020049721
9787020044382
9787020039517
9787020045945
9787020071074
9787534451812
9787214058072
9787214048899
9787214059086
9787214057426
9787544705271
9787214061256
9787214132482
9787214166067
9787214048929
9787214048950
9787544715904
9787214048837
9787534460586
9787214084194
9787214057402
9787214057419
9787544744775
9787534480775
9787214057785
9787214049421
9787214087836
9787214057433
9787214048868
9787534459030
9787214048707
9787534472800
9787534424854
9787544708654
9787534476938
9787214038814
9787214057389
9787214057396
9787214110244
9787214061249
9787534485367
9787544705486
9787214065810
9787214063724
9787534430817
9787534448362
9787214048981
9787214048844
9787544705295
9787214056658
9787214048905
9787534474897
9787214048745
9787214170910
9787214113283
9787534450211
9787558007965
9787534449079
9787544705301
9787534499234
9787214215703
9787534483097
9787505936676
9787505936690
9787536311473
9787534499326
9787534463815
9787505936683
9787505936669
9787558025174
9787534480775
9787534499333
9787108004987
9787501168330
9787508623153
9787300060231
9787533318949
9787300086293
9787806575659
9787010041421
9787301057568
9787532727810
9787563375622
9787500428602
9787300089942
9787300111254
9787305035357
9787800737077
9787300105505
9787801626288
9787309029949
9787810856881
9787801701114
9787806570296
9787300122144
9787300081472
9787300105390
9787300071589
9787563344970
9787563341894
9787100035736
9787810855631
9787501168170
9787508030395
9787302052951
9787561431467
9787501162963
9787810907378
9787300046310
9787801626240
9787300186658
9787300194547
9787302095941
9787300045221
9787208039872
9787309034660
9787300067070
9787810829489
9787302095941
9787108011619
9787309034660
9787301126813
9787561431467
9787302228677
9787200033960
9787800407154
9787506346085
9787100030540
9787800408748
9787217001655
9787544218122
9787100030540
9787533926243
9787543448360
9787800407154
9787020080922
9787510407666
9787540717520
9787532705276
9787540705558
9787500802037
9787536050945
9787543448476
9787544722926
9787100035217
9787100030540
9787540702366
9787020034697
9787020011223
9787506346085
9787020049950
9787532137022
9787200033960
9787506036849
9787508617657
9787540477608
9787805539515
9787550277779
9787103038970
9787560922416
9787533718121
9787535732705
9787208005792
9787532736607
9787538215366
9787030005243
9787535749673
9787030107596
9787500058861
9787502815738
9787562025030
9787533718152
9787560935508
9787533718091
9787305041679
9787502934309
9787121051791
9787533718169
9787533718114
9787309033519
9787533229429
9787533718145
9787301033173
9787560066752
9787100013062
9787100016667
9787532129744
9787100009379
9787100010894
9787100012973
9787100011976
9787805050393
9787100012690
9787100012935
9787100009720
9787544716581
9787100012997
9787100013055
9787800029363
9787805671253
9787100012706
9787100012980
9787020005772
9787806730386
9787806730416
9787806730409
9787540724351
9787806730478
9787806730522
9787806730423
9787806730485
9787806730492
9787540724320
9787806730508
9787806730430
9787540724313
9787540724306
9787806730461
9787806730515
9787806730447
9787806730393
9787540724337
9787805119816
9787532749126
9787532749096
9787530615119
9787530615096
9787020007660
9787543446373
9787543446380
9787805562469
9787532749102
9787222027930
9787020054107
9787309044386
9787532738632
9787500605270
9787505932975
9787506308526
9787505933934
9787506308588
9787505933965
9787533929541
9787506308755
9787532752225
9787532750221
9787505933941
9787505932937
9787506308731
9787505935914
9787505930933
9787506308533
9787505703308
9787200048063
9787218021010
9787530627266
9787500424321
9787563363742
9787208036673
9787108010957
9787108016294
9787806577929
9787101039092
9787301016527
9787301049594
9787040105018
9787108002235
9787538253139
9787208030749
9787108011343
9787100030120
9787301031506
9787500438403
9787206043543
9787806578674
9787108012609
9787040105001
9787108019547
9787208053106
9787108009524
9787301006528
9787108001528
9787220042539
9787213020803
9787500428657
9787806578322
9787108021625
9787301019269
9787500408390
9787500438694
9787205000905
9787108011039
9787500438427
9787532530434
9787806711156
9787100035736
9787801093974
9787530632789
9787208030091
9787301006504
9787108001542
9787500421962
9787301001752
9787500425601
9787108001689
9787100033183
9787214035882
9787214033710
9787532701025
9787503915635
9787530633953
9787305037542
9787100020862
9787531301486
9787020136391
9787534373350
9787301108659
9787108000385
9787543431287
9787805045627
7301015380, 9787301015384
9787532723263
9787810193795
9787108002136
9787108000187
9787503908286
9787534378454
9787503909900
9787534371592
9787806811344
9787543431287
9787500408079
9787108010025
9787543431287
9787506806985
9787301054505
9787801098818
9787020032877
9787500411185
9787801495655
9787543431287
9787543431287
9787538250206
9787108015563
9787108004208
9787301010556
9787532719433
9787532715053
9787530629345
9787506305891
9787500407102
9787543431287
9787532501632
9787540404130
9787108001245
9787500417224
9787800506710
9787108001085
9787500402008
9787532740352
9787505902817
9787214061478
9787214049261
9787544705233
9787544705233
9787544705233
9787214061775
9787214049261
9787020062607
9787020053056
9787020040209
9787020044320
9787020061297
9787020045655
9787020053094
9787020038954
9787020040919
9787020054657
9787020053087
9787020052776
9787020104499
9787020044535
9787020021277
9787020025367
9787020006052
9787020040902
9787020054886
9787020071500
9787020044924
9787020046430
9787020015191
9787020039968
9787020054305
9787020040230
9787020043255
9787020025831
9787020050031
9787020006403
9787020044382
10652335959787020022335
9787020040155
9787020046713
9787020061273
9787020013609
9787020060818
9787020044719
9787020049721
9787020044306
9787020052264
9787020052844
9787020053216
9787020042913
9787020064779
9787020017799
9787020044504
9787020044412
9787020062423
9787500608820
9787020042906
9787020027606
9787020038848
9787020035915
9787020038893
9787020043781
9787020018451
9787020040216
9787020062584
9787020065226
9787020044542
9787020040247
9787020040834
9787020040353
9787020053834
9787020039579
9787020061280
9787020054077
9787020041688
70200437719787020043774
9787020052882
9787020052424
9787020054664
9787020048250
9787020044214
9787020052301
9787020053254
9787020055173
9787020046423
9787020071180
9787020042920
9787020061372
9787020040896
9787020052417
9787020057061
9787020062577
9787020038855
9787020039784
9787020040179
9787020031160
9787020044559
9787020045969
9787020040858
9787020039692
9787020038947
9787020038961
9787020042890
9787020045846
9787020038978
9787020039890
9787020040254
9787020039067
9787020038879
9787536033597
9787302071358
9787507827521
9787531317432
9787500412694
9787500605270
9787532738632
9787530607800
9787810460620
9787309044386
9787536033597
9787100101653
9787532114849
9787506303385
9787536033597
9787208066724
9787500412977
9787300127651
9787500412984
9787532123766
9787530624098
9787020040346
9787806325803
9787560121635
9787020043835
9787532127566
9787537819787
9787530617335
9787532750191
9787536033597
9789868790643
9787540722241
9787540213299
9787508044736
9787532749348
9787530624166
9787300150130
9787800838514
9787300130088
9787020073375
9787222027930
9787530609736
9787530609729
9787020005772
9787530624111
9787504334312
9787530627983
9787532129744
9787531720317
9787530654224
9787100069366
9787228004003
9787300130125
97870200925129787020092512
9787530607800
9787530654170
9787536033597
9787530624050
9787300130095
9787532140718
9787530635957
9787507827491
9787536033597
9787807241034
9787530610169
9787536027398
9787500412717
9787506015424
9787562016236
9787300130071
9787020043835
9787020048359
9787500412960
9787563334391
9787200047752
9787536033597
9787300130101
9787530624128
9787806760154
9787500412960
9787500412700
9787530615041
9787537819770
9787530654408
9787542612380
9787530654477
9787806325797
9787530637265
9787530654415
9787800029363
9787300130040
9787530615119
9787562017974
9787108022097
9787530627419
9787530625293
9787530654620
9787020043835
9787530620113
9787530624142
9787530615072
9787530618561
9787530607053
9787562022930
9787300130118
9787536033597
9787542612861
9787530624104
9787536033597
9787530631362
9787530618554
9787530631416
9787530654385
9787020066186
9787530611531
9787020062416
9787531317456
9787530615102
9787500412755
9787530607138
9787532749799
9787536033597
9787507827477
9787121129018
9787542665041
9787530153529
9787507546576
9787113115609
9787540729295
9787100130677
9787121266836
9787511735478
9787115470980
9787302384465
9787121277139
9787112157051
9787550220454
9787538029024
9787532161294
9787508624044
9787565819896
9787111255048
9787121266836
9787550220454
9787115389725
9787550220454
9787302219682
9787100157971
9787121192036
9787111434993
9787308136648
9787556821716
9787308166331
9787214049704
9787515516394
9787538893124
9787561448144
9787560439327
9787510850837
9787100109307
9787218061191
9787508094878
9787214028075
9787530764763
9787208111691
9787108058782
9787214224200
9787502747459
9787300219509
9787115283924
9787518417919
9787511525291
9787556207183
9787516200124
9787509784853
9787544772235
9787108032263
9787010078694
9787567566279
9787308143172
9787214200952
9787500780885
9787560955919
9787562484196
9787214047168
9787511714756
9787214029935
9787208068957
9787500133735
9787801409102
9787206087578
9787562483809
9787214193810
9787030568212
9787214222404
9787535761163
9787208124417
9787514220438
9787509702253
9787500644170
9787535760258
9787558120398
9787536080676
9787220109911
9787544772570
9787208051560
9787552214130
9787308094658
9787218061191
9787309096118
9787214035738
9787214011336
9787300049540
9787500780915
9787214049339
9787500474722
9787511735492
9787108030276
9787500775843
9787020131785
9787214002884
9787562491040
9787214033260
9787560729176
9787532773800
9787121281549
9787544607995
9787536485532
9787802304635
9787108039118
9787500780885
9787540478162
9787548233701
9787500780892
9787303197781
9787541498541
9787300254470
9787541485343
9787540478162
9787214173881
9787214168689
9787800403583
9787214023124
9787541485299
9787100035989
9787536068131
9787303197781
9787213019456
9787100121132
9787201088631
9787515349152
9787806182741
9787552214130
9787308151344
9787560026664
9787214033031
9787308117517
9787214065308
9787549595006
9787308103053
9787020134564
9787540744427
9787214158116
9787214043733
9787564917579
9787108050694
9787303171262
9787805157399
9787541485350
9787508630847
9787100129138
9787214046246
9787111497714
9787802112858
9787214049360
9787532105731
9787100158091
9787509707586
9787516203637
9787535769732
9787201104805
9787544487368
9787100074209
9787303191994
9787550277282
9787220113390
9787509784853
9787214018618
9787552000931
9787308176699
9787540737153
9787300127958
9787203088356
9787503648038
9787511733535
9787560955919
9787100062619
9787535772084
9787020131785
9787806572986
9787538893137
9787214040275
9787214012708
9787509784853
9787559630551
9787300139296
9787508630830
9787010072739
9787539534169
9787530766828
9787214068378
9787214031082
9787302511380
9787220045097
9787100158374
9787115442451
9787214043788
9787807613695
9787562024934
9787568913478
9787208139411
9787214019622
9787509784853
9787534749292
9787309042610
9787122167897
9787802110045
9787508622798
9787500775874
9787108013767
9787108058843
9787508679600
9787568904209
9787514838831
9787214023216
9787559418388
9787214166036
9787513559676
9787555262473
9787303192977
9787555264927
9787544850391
9787801735683
9787540484606
9787563229185
9787806183120
9787214073655
7562492115, 9787562492115
9787210088134
9787516201824
9787532768202
9787308179720
9787511734457
9787503646249
9787308172837
9787513329224
9787559602992
9787508612966
9787214031730
9787503648755
9787214011350
9787807132295
9787214012845
9787300103068
9787121275982
9787535761149
9787100130677
9787568904698
9787100160568
9787100028622
9787511707499
9787214092298
9787530152058
9787532161256
9787214044341
9787559802132
9787550287310
9787535786883
9787303197781
9787302230106
9787121234101
9787564931469
9787100099844
9787539999043
9787214075406
9787214025784
9787511733610
9787530656303
9787119084060
9787208050372
9787110092743
9787535772077
9787559803542
9787214046000
9787303191772
9787535776136
9787547300961
9787805158983
9787805670553
9787218061535
9787511710994
9787534692239
9787507533026
9787214014412
9787805670195
9787108030283
9787806881255
9787500775850
9787509784853
9787559615671
9787514012767
9787201041407, 7201041401
9787540426460
9787532754908
9787513910033
9787538893151
9787214049469
9787807134565
9787544720465
9787535780348
9787208138636
9787515010489
9787308117623
9787540483968
9787214229526
9787559610713
9787568911375
9787308140461
9787300210308
9787300063027
9787100085366
9787558403422
9787564928117
9787565911590
9787543215955
9787214077806
9787100139601
9787208150119
9787111447467
9787214149138
9787229098117
9787223031288
9787100126328
9787214028082
9787539799940
9787550277275
9787511733191
9787308107778
9787121087967
9787533292485
9787100129138
9787543227576
9787540744434
9787532773817
9787020132348
9787544700146
9787511707482
9787540737139
9787513583503
9787214057136
9787564917678
9787303173044
9787309084214
9787214012715
9787532780693
9787534753374
9787540480790
9787806966167
9787509745625
9787539799957
9787208071339
7214218496, 9787214218490
9787208049413
9787540731922
9787806182994
9787100035989
9787214012692
9787100126304
9787806961858
9787218067308
9787540491055
9787122284983
7562498652, 9787562498650
9787100084116
9787214101921
9787540739713
9787020132355
9787806578087
9787540722661
9787214002235
9787300062464
9787308129749
9787303191772
9787562493358
9787508630823
9787544295369
9787100126274
9787540739720
9787302142720
9787559620675
9787535071453
9787201073736
9787540751371
9787506031561
9787508603131
9787100121972
9787556061143
9787802545533
9787100132374
9787544773362
9787502747442
9787559620316
9787544711999
9787553400723
9787500780908
9787519821968
9787508660455
9787509708552
9787509708552
9787564917593
9787208050365
9787214223050
9787568912952
9787514840094
9787115451279
9787544855631
9787108020376
9787562024446
9787201125121
9787214029768
9787214132956
9787551598668
9787540487188
9787214013590
9787540739737
9787500428671
9787214133090
9787534734359
9787513329217
9787564917685
9787308085274
9787500775881
9787214073488
9787308101202
9787020131785
9787543229235
9787108027351
9787536048294
9787509718469
9787530216842
9787214046994
9787508633381
9787805157443
9787544726474
9787564935375
9787214103536
9787201088631
9787214017796
9787100051774
9787532158355
9787302346005
9787511734068
9787536040298
9787540734732
9787300232645
9787533925710
9787100118293
9787530484708
9787308157957
9787550277268
9787530152393
9787509710234
9787519201074
9787509722930
9787100053440
9787532566563
9787503644757
9787542605726
9787552214130
9787533926014
9787534734366
9787300232629
9787214112569
9787550292499
9787100157421
9787300093765
9787544846752
9787112028634
9787544754644
9787559617170
9787205027827
9787100053464
9787562482314
9787108016843, 7108016842
9787555108085
9787559421357
9787532156511
9787542241863
9787511701190
9787540474836
9787509745625
9787500459965
9787214222961
9787535773760
9787508614991
9787559615244
9787218055602
9787552214130
9787807138532
9787556060290
9787214042019
9787535761156
9787566824967
9787100043236
9787208156289
9787100140034
9787100087070
9787511734242
9787806183588
9787541148859
9787100028875
9787802308916
9787100120241
9787562498629
9787100126304
9787540481858
9787509755709
9787100121132
9787214042156
9787560983646
9787201104805
9787558029042
9787503640797
9787544722292
9787509784853
9787121263927
9787214068521
9787308159777
9787544707022
9787508076744
9787108013316
9787509745625
9787303191772
9787544772563
9787308148252
9787536474116
9787214033291
9787514839845
9787540734749
9787537976053
9787539534152
9787805158143
9787100108799
9787530765579
9787214091932
9787509713587
9787100011891
9787536085237
9787100129138
9787568901963
9787300237411
9787509710821
9787562018681
9787301027066
9787805670195
9787540738280
9787508636528
9787535779823
9787534751745
9787303191895
9787303191895
9787553400723
9787544770156
9787218061191
9787214002532
9787530765692
9787208122017
9787111440420
9787544772556
9787534753381
9787302048060
9787806881255
9787547406212
9787540751364
9787308087117
9787544726863
9787544705066
9787563228485
9787500092445
9787563233588
9787545527308
9787563227648
9787214012708
9787560015590
9787303191789
9787214060693
9787121322396
9787503648762
9787303191789
9787805157436
9787214207333
9787544724630
9787802198753
9787208114562
9787800837418
9789620408274
9787562020202
9787214041258
9787802309661
9787214035882
9787100041843
9787300238272
9787214044563
9787562019411
9787214049476
9787214040978
9787214222701
9787300238272
9787100041843
9787100048323
9787544744973
9787211054848
9787214080752
9787208125520
9787516205822
9787533925673
9787800837418
9787508697284
9787555274223
9787214036841
9787214043191
9787805677880
9787214043221
9787548407249
9787100023986
9787802199651
9787208131033
9787802266827
9787100023986
9787542666307
9787301290408
9787509372456
9787214038791
9787214044174
9787540734756
9787100079471
9787544266352
9787108014368
9787307051294
9787300240077
9787509383209
9787532826704
2454109572, 2247483914, 1618051664, 2651454704, 6051768707
9787214045324
9787550298002
9787540737146
9787216049214
9787506316330
9787544722308
9787108006998
9787213078606
9787532750788
9787308188685
9787542658838
9787303240715
9787220113482
9787521703177
9787541101854
9787305062513
9787100069366
9787508636535
9787547402375
9787501458806
9787533296056
9787532750191
9787543446403
9787305064753
9787532762330
9787544722896
9787544294133
9787201049656
9787108039187
9787532154760
9787802252837
9787521706673
9787540705336
9787544775496
9787535769695
9787208034679
9787307206250
9787544267618
9787500408468
9787217001938
9787532750931
NIL
NIL
9787539607221
9787540719968
9787020025381
9787561781081
9787532917631
9787506300261
NIL
9787544702331
NIL
9787562457619
NIL
9787508000985
9787508014555
9787563353408
9787532719914
9787532913831
7020040187, 9787020040187
9787532137503
9787532917211
9787540725495
9787805677064
NIL
9787507421521
NIL
9787508000985
9787561757574
9787541104909
9787020015184
9787532740147
NIL
9787506301084
NIL
9787020059287
9787539615172
9787508014647
9787217001730
NIL
9787539612119
9787508020457
9787539615165
9787020040421
9787305052354
9787561768426
9787020015221
9787100036078
9787805674728
9787806573815
9787561784280
9787539618050
9787561781128
9787507104059
9787020029204
9787532720873
9787563354221
9787532719907
9787508020402
9787536019522
9787538716221
9787020015184
9787542604286
9787540215972
9787563354221
9787806577226
9787561767108
9787540701369
9787532700608
9787561776667
9787806578544
9787208086043
9787539607689
9787540719708
9787508020419
9787532733538
9787506342780
9787540702359
9787543452398
9787532752126
9787538276527
9787532716128
9787501601745
9787100022842
9787530604595
9787532752089
9787020036998
9787540700355
9787300110073
9787507104066
9787563354221
9787536024991
9787506014113
9787532702237
9787540700355
9787807133193
9787544711401
9787200004687
9787539618081
9787214001313
9787544703963
9787542612328
9787532730049
9787508031736
9787563354221
9787532719891
9787532733521
9787532751396
9787563354221
9787508044699
9787540708276
9787508020440
9787536027206
9787537824057
9787801736826
NIL
NIL
NIL
NIL
NIL
NIL
NIL
NIL
NIL
NIL
NIL
NIL
NIL
NIL
NIL
NIL
NIL
NIL
NIL
NIL
NIL
NIL
NIL
NIL
NIL
NIL
NIL
9787020079339
9787100065153
9787218102566
9787100060240
9787101035575
9787806289280
9787100061223
9787506015837
9787100061391
9787520125918
9787544617772
9787542632715
9787100060530
9787100065795
9787020079353
9787108059970
9787309066432
9787208027138
9787301059142
9787530911822
9787100065474
9787100065696
9787100065344
9787205093952
9787549610617
9787100063449
9787108033475
9787567572072
9787544268622
9787547611579
9787100059879
9787100060455
9787544762281
9787309060294
9787100062350
9787214053657
9787010049953
9787550281219
9787100063050
9787108009890
9787100149532
9787100062138
9787811293937
9787806157374
9787546300740
9787100063197
9787309114003
9787100062893
9787221028747
9787100061490
9787520125918
9787308182737
9787100061339
9787100063494
9787208123830
9787302273806
9787544750905
9787560021836
9787530913253
9787500464808
9787100063418
9787563333783
9787100062480
9787543217324
9787100062886
9787100063098
9787303084487
9787806576472
9787301105856
9787303107858
9787807207085
9787108031938
9787100061810
9787536608962
9787513596091
9787544739146
9787507103281
9787501601639
9787513309530
9787100062510
9787201023922
9787546166780
9787513317863
9787553441016
9787543629639
9787559416636
9787100063258
9787802519503
9787100062060
9787544239882
9787108055477
9787532955596
9787513317740
9787100062046
9787100063142
9787010054391
9787100061384
9787530966181
9787540216016
9787100061445
9787100065887
9787213007606
9787530215197
9787309023640
9787508660172
9787100059961
9787100065702
9787201019857
9787300070490
9787100062329
9787100062466
9787100061353
9787309139310
9787100061322
9787100063241
9787513321211
9787561390566
9787100060769
9787536041332
9787100061919
9787100034869
9787100060226
9787100133296
9787100063845
9787805695433
9787542632531
9787301059166
9787208150690
9787810917926
9787536084551
9787100062114
9787543225176
9787301059173
9787544742559
9787513311038
9787100062206
9787562049234
9787213001727
9787208072046
9787309023640
9787510830372
9787513306775
9787540725723
9787559327611
9787210047414
9787100060974
9787802476189
9787100060219
9787806761991
9787301053928
9787501771189
9787550317055
9787100059954
9787100061858
9787508685472
9787544249997
9787552004601
9787305149337
9787538741797
9787305158254
9787100061148
9787100063128
9787112086986
9787020079865
9787208120891
9787542632531
9787513320955
9787811291841
9787544711067
9787313204110
9787100063111
9787100059916
9787810801201
9787208131026
9787100061292
9787503904592
9787100059800
9787100063913
9787218102566
9787548600961
9787100061094
9787562484615
9787100060134
9787100062213
9787515337913
9787520125918
9787100061827
9787802476189
9787560834603
9787208112797
9787530218686
9787559629524
9787100063449
9787534377501
9787100062190
9787100065559
9787305161520
9787100061360
9787020079315
9787214049148
9787301008256
9787208084247
9787100062763
9787500425502
9787221145628
9787536071889
9787213075636
9787208081123
9787543443815
9787513311298
9787100065160
9787100063432
9787542828910
9787208091252
9787100060004
9787544708074
9787301059159
9787100061339
9787100063760
9787513040761
9787301048115
9787100060332
9787303147106
9787300070506
9787100062022
9787300088358
9787501210657
9787208074545
9787100062312
9787100063005
9787100063562
9787100130295
9787301044469
9787806787304
9787542632531
9787309015270
9787100063432
9787562472742
9787100062077
9787546806150
9787506015844
9787300070483
9787100065870
9787807207955
9787540778620
9787100061155
9787550235120
9787214041340
9787100062527
9787100061230
9787806227541
9787509748220
9787810917810
9787544756815
9787100062503
9787513302661
9787221067326
9787100067140
9787534289866
9787301035177
9787208151581
9787100063012
9787220104602
9787305135095
9787303112760
9787100062152
9787100061865
9787301067468
9787100059787
9787020134014
9787544281096
9787544279994
9787309039061
9787536621862
9787515506975
9787513306782
9787514170221
9787205091019
9787206072093
9787509748220
9787520125918
9787100063319
9787300129570
9787100060189
9787513312417
9787516137925
9787520125918
9787520125918
9787549610617
9787559407047
9787100059909
9787100060448
9787100061377
9787514848830
9787806140376
9787807456933
9787301093986
9787220104572
9787540473938
9787542624468
9787112095100
9787562497363
9787513321181
9787309074000
9787810917889
9787100062053
9787208092044
9787520125918
9787100062756
9787100036078
9787100061612
9787100065474
9787533943554
9787520125918
9787303120468
9787540701895
9787100061797
9787100063104
9787100062053
9787100062817
9787309037395
9787506015851
9787020079322
9787506041997
9787100062800
9787100061636
9787532495184
9787100061049
9787806810699
9787532613618
9787100062046
9787100063180
9787303188345
9787309058796
9787100065474
9787100060011
9787100060547
9787100061582
9787301049068
9787506015912
9787513015998
9787303100972
9787100065283
9787513321204
9787305174988
9787100063852
9787100060349
9787100060967
9787301106518